2.48421 1
1.22891 1
1.09595 1
1.02152 0.95
0.994173 0.9
0.970432 0.825
0.94395 0.78
0.886162 0.72
0.843644 0.69
0.800951 0.644
0.759364 0.596667
0.688531 0.5275
0.650266 0.494
0.602557 0.437143
0.531047 0.375
0.41776 0.2765
0.293948 0.1816
0.236732 0.1435
0.19026 0.1132
0.147863 0.0866
0.125779 0.0736167

8.34631e-07 0
0.111044 0.1
0.0574574 0.05
0.0730172 0.075
0.0531501 0.05
0.0455287 0.0375
0.0415467 0.03
0.0454834 0.0266667
0.0423327 0.025
0.049603 0.028
0.0570815 0.0333333
0.0640734 0.0375
0.0715128 0.04
0.0810184 0.0471429
0.0838015 0.05
0.108453 0.066
0.110864 0.0676
0.0817393 0.0481

230
