3.10347 1
2.27504 0.9
1.76554 0.9
1.32332 0.875
1.1831 0.883333
1.10258 0.8125
1.05686 0.81
0.991109 0.78
0.956191 0.745
0.930234 0.72
0.907799 0.686667
0.875209 0.6575
0.84646 0.632
0.81307 0.582857
0.752008 0.514
0.609687 0.3815
0.417158 0.2362
0.313966 0.1755
0.244041 0.13735
0.19183 0.108775
0.165126 0.0936333

5.06469e-05 0
0.110319 0.1
0.0696861 0.05
0.061656 0.05
0.0420254 0.0333333
0.0484026 0.025
0.0410841 0.02
0.0477804 0.0266667
0.0475266 0.025
0.054259 0.028
0.0601308 0.0333333
0.0670555 0.045
0.0737212 0.046
0.0791312 0.0514286
0.08199 0.05
0.0973429 0.053
0.09953 0.0578
0.0745363 0.0428

292
