2.59092 1
1.62111 0.8
1.31357 0.85
1.11924 0.9
1.04898 0.9
1.00864 0.8625
0.988532 0.86
0.953275 0.846667
0.937104 0.84
0.916271 0.808
0.90381 0.803333
0.876507 0.775
0.84901 0.742
0.811476 0.694286
0.749676 0.609
0.612912 0.4525
0.431348 0.2898
0.34836 0.226
0.29738 0.19245
0.257961 0.165275
0.240443 0.152583

0.0368172 0
0.128381 0.1
0.0924543 0.05
0.089053 0.05
0.116195 0.0666667
0.152106 0.1
0.134998 0.08
0.13291 0.0733333
0.136076 0.07
0.153848 0.084
0.174583 0.103333
0.186305 0.1125
0.20022 0.12
0.209569 0.127143
0.212793 0.129
0.244294 0.152
0.248286 0.1564
0.195743 0.1225

12
