2.60299 1
2.06189 0.9
1.72909 0.95
1.39742 0.95
1.25086 0.933333
1.16963 0.9375
1.11982 0.94
1.05012 0.926667
1.0145 0.925
0.992771 0.924
0.978274 0.93
0.95936 0.93
0.948579 0.92
0.935876 0.912857
0.926213 0.905
0.915366 0.905
0.908593 0.9044
0.897856 0.89
0.853895 0.8456
0.829484 0.8241
0.822134 0.818267

0.898106 1
0.719249 0.8
0.761186 0.8
0.73778 0.75
0.745896 0.75
0.770716 0.7875
0.766561 0.76
0.784852 0.766667
0.772258 0.76
0.774708 0.776
0.773524 0.783333
0.770265 0.7725
0.776313 0.78
0.791179 0.794286
0.784793 0.789
0.793056 0.796
0.796444 0.7964
0.796572 0.7947

2
