2.52387 1
1.32877 0.8
1.15452 0.9
1.03974 0.9
0.990757 0.9
0.958879 0.8375
0.945806 0.84
0.903907 0.786667
0.884523 0.755
0.85508 0.72
0.82746 0.683333
0.776517 0.6225
0.737518 0.58
0.681979 0.51
0.599067 0.436
0.447699 0.3025
0.292252 0.186
0.229048 0.1431
0.189884 0.1169
0.160862 0.098375
0.146011 0.08885

5.73162e-06 0
0.196178 0.1
0.135039 0.1
0.131088 0.1
0.0881163 0.0666667
0.0856119 0.0625
0.0892308 0.06
0.0951653 0.0533333
0.0886668 0.055
0.0868657 0.06
0.0874048 0.0633333
0.104951 0.075
0.117985 0.08
0.13264 0.09
0.132694 0.087
0.151914 0.098
0.155881 0.0998
0.120074 0.0757

29
