2.55047 1
1.59287 0.9
1.31798 0.95
1.12437 0.925
1.0526 0.9
1.01446 0.8875
0.993548 0.9
0.962086 0.88
0.946225 0.875
0.934737 0.856
0.926265 0.84
0.908953 0.8225
0.891649 0.802
0.858832 0.76
0.807463 0.685
0.679764 0.5385
0.480645 0.3436
0.37996 0.2551
0.320951 0.21145
0.279179 0.18045
0.258396 0.165433

9.23354e-05 0
0.184173 0.1
0.143654 0.1
0.0908647 0.05
0.113898 0.0666667
0.144178 0.0875
0.131021 0.08
0.188262 0.106667
0.206919 0.125
0.209592 0.128
0.224173 0.136667
0.232858 0.14
0.241821 0.146
0.248933 0.15
0.252154 0.154
0.286926 0.181
0.289237 0.1798
0.236108 0.1464

8
