2.67659 1
1.67086 0.9
1.34114 0.95
1.13406 0.925
1.06023 0.9
1.01942 0.8875
0.996709 0.89
0.963653 0.86
0.945246 0.86
0.929829 0.848
0.917187 0.82
0.890476 0.7725
0.859516 0.726
0.806279 0.658571
0.720297 0.552
0.54926 0.3845
0.367725 0.2388
0.290671 0.1851
0.246379 0.15515
0.213 0.133425
0.196603 0.123283

0.000575699 0
0.0924291 0.1
0.057443 0.05
0.0896794 0.075
0.0767965 0.05
0.109349 0.075
0.105199 0.06
0.125957 0.08
0.117636 0.075
0.133607 0.08
0.132099 0.0833333
0.143393 0.0925
0.150418 0.098
0.173111 0.108571
0.171203 0.108
0.196005 0.123
0.196359 0.1244
0.153511 0.0965

12
