2.95613 1
1.61139 0.8
1.30394 0.85
1.11498 0.9
1.04654 0.883333
1.00785 0.8625
0.986812 0.86
0.949568 0.846667
0.930947 0.825
0.90657 0.788
0.888631 0.77
0.850226 0.7125
0.813307 0.674
0.758231 0.61
0.67403 0.511
0.505615 0.3535
0.331936 0.2148
0.260438 0.1658
0.218907 0.1373
0.188342 0.117525
0.17237 0.107067

2.25386e-06 0
0.138794 0.1
0.0927744 0.05
0.114515 0.075
0.0803743 0.05
0.0618374 0.0375
0.0577238 0.03
0.0848317 0.0533333
0.082986 0.05
0.0902223 0.052
0.103816 0.0633333
0.120999 0.075
0.141052 0.09
0.166639 0.11
0.164948 0.107
0.188522 0.123
0.186784 0.1204
0.146602 0.0928

19
