2.34123 1
1.28956 0.9
1.12511 0.95
1.02515 0.925
0.987308 0.916667
0.958776 0.8625
0.94761 0.86
0.915207 0.826667
0.901931 0.795
0.874117 0.752
0.855841 0.73
0.816527 0.68
0.777562 0.638
0.721233 0.571429
0.633347 0.477
0.469937 0.3295
0.305184 0.2016
0.238953 0.1545
0.199921 0.1264
0.170829 0.106825
0.155268 0.09625

1.09245e-06 0
0.164912 0.1
0.101672 0.05
0.105431 0.075
0.0786605 0.05
0.0806174 0.0625
0.09043 0.07
0.111677 0.0866667
0.10074 0.07
0.097835 0.064
0.107871 0.0666667
0.11914 0.075
0.124499 0.07
0.137763 0.08
0.141081 0.082
0.164103 0.101
0.170229 0.1054
0.131577 0.0801

26
