2.73568 1
1.88374 0.9
1.53597 0.95
1.25404 0.95
1.14229 0.933333
1.08332 0.925
1.04917 0.92
1.00221 0.906667
0.978658 0.9
0.964946 0.908
0.955549 0.913333
0.94288 0.9175
0.935805 0.908
0.925091 0.89
0.907653 0.859
0.849991 0.7865
0.749529 0.6842
0.706694 0.6527
0.677301 0.63335
0.662187 0.6286
0.654406 0.62545

0.0141766 0
0.541106 0.6
0.532577 0.55
0.508977 0.5
0.574894 0.566667
0.573034 0.5625
0.586335 0.55
0.615615 0.573333
0.612113 0.58
0.619448 0.604
0.61928 0.613333
0.63123 0.615
0.636646 0.624
0.655152 0.64
0.647563 0.636
0.655609 0.6385
0.648293 0.629
0.628745 0.611

5
