2.14843 1
1.64972 0.6
1.32637 0.75
1.12988 0.8
1.0573 0.816667
1.01183 0.7875
0.995312 0.8
0.950604 0.773333
0.929983 0.755
0.895117 0.708
0.868959 0.68
0.813323 0.6175
0.774208 0.572
0.729391 0.528571
0.655039 0.456
0.514776 0.3315
0.360399 0.2132
0.286599 0.1654
0.234625 0.1341
0.190514 0.108675
0.165126 0.0934333

4.27649e-05 0
0.115142 0.1
0.0583017 0.05
0.042283 0.025
0.0289218 0.0166667
0.0250079 0.0125
0.0209996 0.01
0.0296859 0.02
0.0299286 0.015
0.0348269 0.016
0.0412853 0.02
0.0527816 0.0275
0.0567751 0.03
0.0651337 0.0328571
0.0681908 0.038
0.0870133 0.048
0.0898908 0.0532
0.0657568 0.0369

940
