2.73146 1
1.5637 0.8
1.28498 0.85
1.10465 0.875
1.04161 0.883333
1.00272 0.85
0.983453 0.85
0.950147 0.826667
0.935888 0.815
0.915371 0.784
0.90088 0.78
0.871269 0.7475
0.84003 0.714
0.796832 0.658571
0.720141 0.572
0.54991 0.3945
0.357221 0.2372
0.278185 0.1784
0.234699 0.1487
0.204896 0.12875
0.187999 0.117867

0.000197426 0
0.110203 0.1
0.101897 0.05
0.081165 0.05
0.0731859 0.0333333
0.0907958 0.0375
0.0890225 0.03
0.117311 0.06
0.116695 0.055
0.124646 0.064
0.130582 0.0666667
0.14608 0.08
0.156547 0.084
0.186259 0.11
0.184798 0.115
0.208858 0.13
0.212551 0.135
0.166209 0.1034

15
