2.48193 1
1.95296 1
1.64099 1
1.33237 0.975
1.1994 0.916667
1.12783 0.925
1.08485 0.92
1.02558 0.913333
0.99576 0.91
0.977988 0.908
0.965781 0.906667
0.949475 0.9
0.939306 0.89
0.924847 0.875714
0.909644 0.853
0.866445 0.8115
0.798991 0.7522
0.767806 0.7286
0.748651 0.7193
0.737275 0.715075
0.73326 0.710017

0.504766 0
0.610392 0.6
0.641172 0.5
0.639773 0.525
0.662532 0.566667
0.665584 0.55
0.661809 0.53
0.675029 0.54
0.678188 0.57
0.685498 0.596
0.680633 0.596667
0.686905 0.61
0.693894 0.622
0.708381 0.644286
0.704928 0.644
0.71449 0.65
0.715783 0.6456
0.71104 0.6407

2
