2.39529 1
1.45071 1
1.2104 0.95
1.06621 0.95
1.01285 0.933333
0.981308 0.875
0.966907 0.88
0.937401 0.846667
0.920759 0.82
0.900764 0.792
0.880806 0.766667
0.836975 0.7
0.80396 0.658
0.752012 0.592857
0.673228 0.513
0.513411 0.361
0.33641 0.2202
0.261251 0.1667
0.21807 0.1379
0.186876 0.1162
0.171452 0.106417

9.54445e-06 0
0.110935 0.1
0.0644946 0.05
0.0887739 0.05
0.0687558 0.0333333
0.0725041 0.0375
0.0889455 0.05
0.0898651 0.06
0.0914676 0.06
0.108767 0.076
0.107485 0.0766667
0.117412 0.0825
0.131602 0.09
0.150302 0.102857
0.14927 0.101
0.176347 0.1185
0.181178 0.1204
0.144598 0.0948

17
