2.30647 0
1.25632 0.7
1.09011 0.8
1.01113 0.825
0.987505 0.816667
0.968958 0.7625
0.938965 0.72
0.878863 0.686667
0.848172 0.67
0.806994 0.632
0.776317 0.596667
0.721652 0.5475
0.687294 0.514
0.637231 0.464286
0.558534 0.398
0.437944 0.2905
0.305477 0.1888
0.244702 0.1492
0.196762 0.11805
0.153343 0.090225
0.129622 0.07575

1.52247e-06 0
0.038377 0
0.0217637 0
0.0235527 0
0.0158562 0
0.0158162 0
0.0133607 0
0.0231576 0.0133333
0.020267 0.01
0.0289085 0.016
0.0324243 0.0166667
0.0382363 0.02
0.044222 0.022
0.046874 0.0242857
0.0507324 0.031
0.0691421 0.037
0.071439 0.0388
0.0514188 0.0273

667
