3.52566 1
1.49508 0.9
1.2357 0.9
1.13422 0.875
1.08031 0.883333
1.0648 0.8125
1.03614 0.79
0.942973 0.726667
0.897094 0.695
0.833884 0.628
0.779535 0.583333
0.701967 0.525
0.658116 0.48
0.608594 0.424286
0.529081 0.354
0.410068 0.259
0.281066 0.1704
0.221473 0.133
0.173289 0.10355
0.133449 0.078525
0.114261 0.0666333

2.49489e-10 0
0.0976803 0.1
0.0582514 0.05
0.0562889 0.05
0.0388289 0.0333333
0.0303073 0.025
0.0252325 0.02
0.0319343 0.02
0.031723 0.02
0.0413815 0.02
0.0483819 0.0233333
0.0568122 0.025
0.062674 0.03
0.0758281 0.0385714
0.0834222 0.046
0.102743 0.058
0.106234 0.0606
0.0786632 0.0443

222
