2.29699 1
1.27492 0.9
1.12574 0.95
1.02482 0.925
0.983902 0.883333
0.954941 0.8125
0.941159 0.82
0.8929 0.753333
0.874575 0.725
0.836028 0.676
0.805596 0.653333
0.745511 0.585
0.701064 0.536
0.640252 0.472857
0.556388 0.398
0.417259 0.2775
0.277302 0.175
0.218999 0.1361
0.178611 0.1104
0.147194 0.0893
0.130285 0.07835

2.17529e-07 0
0.132408 0.1
0.0705118 0.05
0.0521611 0.025
0.0373026 0.0166667
0.0483369 0.025
0.0465271 0.02
0.0567131 0.0266667
0.0539074 0.02
0.0659146 0.028
0.0766148 0.0366667
0.0862257 0.0425
0.0909645 0.046
0.105328 0.0571429
0.112272 0.064
0.138047 0.083
0.141074 0.086
0.107482 0.0647

44
