2.44358 0
1.9353 0.8
1.57424 0.9
1.27205 0.9
1.15382 0.883333
1.09165 0.8875
1.0543 0.91
1.00397 0.893333
0.97838 0.895
0.962339 0.9
0.95038 0.89
0.932677 0.87
0.919173 0.836
0.89767 0.795714
0.86465 0.74
0.768104 0.614
0.615033 0.4502
0.52316 0.3826
0.469038 0.34125
0.426603 0.30835
0.406178 0.29255

0.0103167 0
0.347162 0.2
0.268563 0.2
0.237364 0.175
0.232262 0.183333
0.273093 0.2125
0.290222 0.23
0.288333 0.213333
0.29402 0.21
0.313814 0.22
0.318473 0.216667
0.339439 0.2375
0.347276 0.244
0.368249 0.261429
0.354828 0.253
0.39821 0.284
0.403289 0.283
0.358806 0.2534

5
