2.56036 1
1.53766 1
1.29032 1
1.11166 0.975
1.04513 0.95
1.00958 0.9375
0.990201 0.94
0.963144 0.92
0.949462 0.915
0.94104 0.916
0.935409 0.92
0.926829 0.915
0.920323 0.892
0.908435 0.862857
0.881007 0.814
0.758578 0.643
0.566716 0.4214
0.468561 0.329
0.409119 0.2805
0.355998 0.236675
0.328469 0.214917

0.0197394 0
0.0517556 0
0.137348 0.05
0.181224 0.125
0.190411 0.133333
0.191406 0.1375
0.193245 0.14
0.217082 0.153333
0.220689 0.15
0.251509 0.168
0.250921 0.163333
0.279706 0.175
0.284243 0.178
0.315406 0.197143
0.302188 0.19
0.33008 0.21
0.333648 0.214
0.274505 0.173

6
