2.35794 1
1.41964 0.9
1.202 0.95
1.06232 0.925
1.01057 0.916667
0.980796 0.9
0.965065 0.89
0.934562 0.86
0.920261 0.855
0.89315 0.812
0.871448 0.776667
0.822578 0.705
0.779228 0.656
0.71634 0.575714
0.631343 0.475
0.476389 0.3345
0.310721 0.2046
0.241328 0.1541
0.203577 0.1277
0.174424 0.10785
0.159311 0.09825

7.37387e-05 0
0.11763 0.1
0.0813844 0.05
0.0768338 0.05
0.0536057 0.0333333
0.0540222 0.025
0.0553451 0.02
0.0858628 0.0466667
0.0896667 0.05
0.0966958 0.056
0.0966271 0.0566667
0.109413 0.065
0.118086 0.07
0.137511 0.0828571
0.140667 0.087
0.167362 0.1075
0.170965 0.109
0.128069 0.0807

23
