2.72517 1
1.37879 0.9
1.17254 0.9
1.04394 0.875
1.00069 0.9
0.972436 0.8625
0.95818 0.88
0.926383 0.84
0.910509 0.83
0.885043 0.796
0.860854 0.75
0.808614 0.6675
0.762151 0.61
0.696201 0.532857
0.600111 0.441
0.446619 0.3075
0.291579 0.1896
0.229537 0.1459
0.189479 0.11925
0.157875 0.098425
0.141705 0.0872

4.5988e-05 0
0.196137 0.1
0.157888 0.15
0.105678 0.075
0.0714895 0.05
0.0962724 0.0625
0.0969009 0.07
0.113829 0.08
0.0964732 0.065
0.102381 0.068
0.101603 0.0666667
0.108289 0.0725
0.113824 0.074
0.123226 0.0757143
0.125374 0.077
0.147489 0.0935
0.147531 0.0946
0.112952 0.0695

32
